Optimization Finished! Max acc=0.7548500881834215
P_pos=0.799274, P_neg=0.610329, P_nut=0.691489
R_pos=0.907967, R_neg=0.619048, R_nut=0.331633
F_pos=0.850161, F_neg=0.614657, F_nut=0.448276